[author-donna.jpg]
filters=enhance=1;autocolor=1;enhance=1;bw=1;fill=1,0.401869;
moddate=0000110a84d10000
width=1154
height=839
textactive=0
[author-ari.jpg]
filters=bw=1;fill=1,0.065421;crop64=1,70a020f1b4c895db;
moddate=0000f872e1d10000
width=3264
height=2448
textactive=0
crop=rect64(70a020f1b4c895db)
[author-ari-cover.jpg]
filters=bw=1;enhance=1;
moddate=0000c473e1d10000
width=1280
height=960
textactive=0
